import{_ as i,c as a,o as e,ai as n}from"./chunks/framework.DG-E2re-.js";const p="/Comrade.jl/previews/PR411/assets/StokesIImaging-45.PMPlu0D6.png",t="/Comrade.jl/previews/PR411/assets/StokesIImaging-47.DJbJMwjW.png",l="/Comrade.jl/previews/PR411/assets/StokesIImaging-49.BJGOLzIG.png",h="/Comrade.jl/previews/PR411/assets/StokesIImaging-52.B9WqQRnF.png",k="/Comrade.jl/previews/PR411/assets/StokesIImaging-64.B-96sqCp.png",r="/Comrade.jl/previews/PR411/assets/StokesIImaging-66.BFM-xrwM.png",d="/Comrade.jl/previews/PR411/assets/StokesIImaging-68.C5iZPVa5.png",C=JSON.parse('{"title":"Stokes I Simultaneous Image and Instrument Modeling","description":"","frontmatter":{},"headers":[],"relativePath":"tutorials/intermediate/StokesIImaging.md","filePath":"tutorials/intermediate/StokesIImaging.md","lastUpdated":null}'),o={name:"tutorials/intermediate/StokesIImaging.md"};function g(E,s,c,y,m,u){return e(),a("div",null,s[0]||(s[0]=[n(`<h1 id="Stokes-I-Simultaneous-Image-and-Instrument-Modeling" tabindex="-1">Stokes I Simultaneous Image and Instrument Modeling <a class="header-anchor" href="#Stokes-I-Simultaneous-Image-and-Instrument-Modeling" aria-label="Permalink to &quot;Stokes I Simultaneous Image and Instrument Modeling {#Stokes-I-Simultaneous-Image-and-Instrument-Modeling}&quot;">​</a></h1><p>In this tutorial, we will create a preliminary reconstruction of the 2017 M87 data on April 6 by simultaneously creating an image and model for the instrument. By instrument model, we mean something akin to self-calibration in traditional VLBI imaging terminology. However, unlike traditional self-cal, we will solve for the gains each time we update the image self-consistently. This allows us to model the correlations between gains and the image.</p><p>To get started we load Comrade.</p><div class="language-julia vp-adaptive-theme"><button title="Copy Code" class="copy"></button><span class="lang">julia</span><pre class="shiki shiki-themes github-light github-dark vp-code" tabindex="0"><code><span class="line"><span style="--shiki-light:#D73A49;--shiki-dark:#F97583;">using</span><span style="--shiki-light:#24292E;--shiki-dark:#E1E4E8;"> Comrade</span></span>
<span class="line"></span>
<span class="line"></span>
<span class="line"><span style="--shiki-light:#D73A49;--shiki-dark:#F97583;">using</span><span style="--shiki-light:#24292E;--shiki-dark:#E1E4E8;"> Pyehtim</span></span>
<span class="line"><span style="--shiki-light:#D73A49;--shiki-dark:#F97583;">using</span><span style="--shiki-light:#24292E;--shiki-dark:#E1E4E8;"> LinearAlgebra</span></span></code></pre></div><div class="language- vp-adaptive-theme"><button title="Copy Code" class="copy"></button><span class="lang"></span><pre class="shiki shiki-themes github-light github-dark vp-code" tabindex="0"><code><span class="line"><span>    CondaPkg Found dependencies: /home/runner/.julia/packages/DimensionalData/KlTtO/CondaPkg.toml</span></span>
<span class="line"><span>    CondaPkg Found dependencies: /home/runner/.julia/packages/PythonCall/L4cjh/CondaPkg.toml</span></span>
<span class="line"><span>    CondaPkg Found dependencies: /home/runner/.julia/packages/Pyehtim/Fm109/CondaPkg.toml</span></span>
<span class="line"><span>    CondaPkg Resolving changes</span></span>
<span class="line"><span>             + ehtim (pip)</span></span>
<span class="line"><span>             + libstdcxx-ng</span></span>
<span class="line"><span>             + numpy</span></span>
<span class="line"><span>             + numpy (pip)</span></span>
<span class="line"><span>             + openssl</span></span>
<span class="line"><span>             + pandas</span></span>
<span class="line"><span>             + python</span></span>
<span class="line"><span>             + setuptools (pip)</span></span>
<span class="line"><span>             + uv</span></span>
<span class="line"><span>             + xarray</span></span>
<span class="line"><span>    CondaPkg Initialising pixi</span></span>
<span class="line"><span>             │ /home/runner/.julia/artifacts/cefba4912c2b400756d043a2563ef77a0088866b/bin/pixi</span></span>
<span class="line"><span>             │ init</span></span>
<span class="line"><span>             │ --format pixi</span></span>
<span class="line"><span>             └ /home/runner/work/Comrade.jl/Comrade.jl/examples/intermediate/StokesIImaging/.CondaPkg</span></span>
<span class="line"><span>✔ Created /home/runner/work/Comrade.jl/Comrade.jl/examples/intermediate/StokesIImaging/.CondaPkg/pixi.toml</span></span>
<span class="line"><span>    CondaPkg Wrote /home/runner/work/Comrade.jl/Comrade.jl/examples/intermediate/StokesIImaging/.CondaPkg/pixi.toml</span></span>
<span class="line"><span>             │ [dependencies]</span></span>
<span class="line"><span>             │ openssl = &quot;&gt;=3, &lt;3.6, &gt;=3, &lt;3.6&quot;</span></span>
<span class="line"><span>             │ uv = &quot;&gt;=0.4&quot;</span></span>
<span class="line"><span>             │ libstdcxx-ng = &quot;&gt;=3.4,&lt;15.0&quot;</span></span>
<span class="line"><span>             │ pandas = &quot;&lt;2&quot;</span></span>
<span class="line"><span>             │ xarray = &quot;*&quot;</span></span>
<span class="line"><span>             │ numpy = &quot;&gt;=1.24, &lt;2.0&quot;</span></span>
<span class="line"><span>             │ </span></span>
<span class="line"><span>             │     [dependencies.python]</span></span>
<span class="line"><span>             │     channel = &quot;conda-forge&quot;</span></span>
<span class="line"><span>             │     build = &quot;*cpython*&quot;</span></span>
<span class="line"><span>             │     version = &quot;&gt;=3.8,&lt;4, &gt;=3.6,&lt;=3.10&quot;</span></span>
<span class="line"><span>             │ </span></span>
<span class="line"><span>             │ [project]</span></span>
<span class="line"><span>             │ name = &quot;.CondaPkg&quot;</span></span>
<span class="line"><span>             │ platforms = [&quot;linux-64&quot;]</span></span>
<span class="line"><span>             │ channels = [&quot;conda-forge&quot;]</span></span>
<span class="line"><span>             │ channel-priority = &quot;strict&quot;</span></span>
<span class="line"><span>             │ description = &quot;automatically generated by CondaPkg.jl&quot;</span></span>
<span class="line"><span>             │ </span></span>
<span class="line"><span>             │ [pypi-dependencies]</span></span>
<span class="line"><span>             │ ehtim = &quot;&gt;=1.2.10, &lt;2.0&quot;</span></span>
<span class="line"><span>             │ numpy = &quot;&gt;=1.24, &lt;2.0&quot;</span></span>
<span class="line"><span>             └ setuptools = &quot;*&quot;</span></span>
<span class="line"><span>    CondaPkg Installing packages</span></span>
<span class="line"><span>             │ /home/runner/.julia/artifacts/cefba4912c2b400756d043a2563ef77a0088866b/bin/pixi</span></span>
<span class="line"><span>             │ install</span></span>
<span class="line"><span>             └ --manifest-path /home/runner/work/Comrade.jl/Comrade.jl/examples/intermediate/StokesIImaging/.CondaPkg/pixi.toml</span></span>
<span class="line"><span>✔ The default environment has been installed.</span></span>
<span class="line"><span>/home/runner/work/Comrade.jl/Comrade.jl/examples/intermediate/StokesIImaging/.CondaPkg/.pixi/envs/default/lib/python3.10/site-packages/ehtim/__init__.py:58: UserWarning: pkg_resources is deprecated as an API. See https://setuptools.pypa.io/en/latest/pkg_resources.html. The pkg_resources package is slated for removal as early as 2025-11-30. Refrain from using this package or pin to Setuptools&lt;81.</span></span>
<span class="line"><span>  import pkg_resources</span></span></code></pre></div><p>For reproducibility we use a stable random number genreator</p><div class="language-julia vp-adaptive-theme"><button title="Copy Code" class="copy"></button><span class="lang">julia</span><pre class="shiki shiki-themes github-light github-dark vp-code" tabindex="0"><code><span class="line"><span style="--shiki-light:#D73A49;--shiki-dark:#F97583;">using</span><span style="--shiki-light:#24292E;--shiki-dark:#E1E4E8;"> StableRNGs</span></span>
<span class="line"><span style="--shiki-light:#24292E;--shiki-dark:#E1E4E8;">rng </span><span style="--shiki-light:#D73A49;--shiki-dark:#F97583;">=</span><span style="--shiki-light:#005CC5;--shiki-dark:#79B8FF;"> StableRNG</span><span style="--shiki-light:#24292E;--shiki-dark:#E1E4E8;">(</span><span style="--shiki-light:#005CC5;--shiki-dark:#79B8FF;">12</span><span style="--shiki-light:#24292E;--shiki-dark:#E1E4E8;">)</span></span></code></pre></div><div class="language- vp-adaptive-theme"><button title="Copy Code" class="copy"></button><span class="lang"></span><pre class="shiki shiki-themes github-light github-dark vp-code" tabindex="0"><code><span class="line"><span>StableRNGs.LehmerRNG(state=0x00000000000000000000000000000019)</span></span></code></pre></div><h2 id="Load-the-Data" tabindex="-1">Load the Data <a class="header-anchor" href="#Load-the-Data" aria-label="Permalink to &quot;Load the Data {#Load-the-Data}&quot;">​</a></h2><p>To download the data visit <a href="https://doi.org/10.25739/g85n-f134" target="_blank" rel="noreferrer">https://doi.org/10.25739/g85n-f134</a> First we will load our data:</p><div class="language-julia vp-adaptive-theme"><button title="Copy Code" class="copy"></button><span class="lang">julia</span><pre class="shiki shiki-themes github-light github-dark vp-code" tabindex="0"><code><span class="line"><span style="--shiki-light:#24292E;--shiki-dark:#E1E4E8;">obs </span><span style="--shiki-light:#D73A49;--shiki-dark:#F97583;">=</span><span style="--shiki-light:#24292E;--shiki-dark:#E1E4E8;"> ehtim</span><span style="--shiki-light:#D73A49;--shiki-dark:#F97583;">.</span><span style="--shiki-light:#24292E;--shiki-dark:#E1E4E8;">obsdata</span><span style="--shiki-light:#D73A49;--shiki-dark:#F97583;">.</span><span style="--shiki-light:#005CC5;--shiki-dark:#79B8FF;">load_uvfits</span><span style="--shiki-light:#24292E;--shiki-dark:#E1E4E8;">(</span><span style="--shiki-light:#005CC5;--shiki-dark:#79B8FF;">joinpath</span><span style="--shiki-light:#24292E;--shiki-dark:#E1E4E8;">(__DIR, </span><span style="--shiki-light:#032F62;--shiki-dark:#9ECBFF;">&quot;..&quot;</span><span style="--shiki-light:#24292E;--shiki-dark:#E1E4E8;">, </span><span style="--shiki-light:#032F62;--shiki-dark:#9ECBFF;">&quot;..&quot;</span><span style="--shiki-light:#24292E;--shiki-dark:#E1E4E8;">, </span><span style="--shiki-light:#032F62;--shiki-dark:#9ECBFF;">&quot;Data&quot;</span><span style="--shiki-light:#24292E;--shiki-dark:#E1E4E8;">, </span><span style="--shiki-light:#032F62;--shiki-dark:#9ECBFF;">&quot;SR1_M87_2017_096_lo_hops_netcal_StokesI.uvfits&quot;</span><span style="--shiki-light:#24292E;--shiki-dark:#E1E4E8;">))</span></span></code></pre></div><div class="language- vp-adaptive-theme"><button title="Copy Code" class="copy"></button><span class="lang"></span><pre class="shiki shiki-themes github-light github-dark vp-code" tabindex="0"><code><span class="line"><span>Python: &lt;ehtim.obsdata.Obsdata object at 0x7fa470ada710&gt;</span></span></code></pre></div><p>obs = ehtim.obsdata.load_uvfits(&quot;~/Dropbox (Smithsonian External)/M872021Project/Data/2021/CASA/e21e18/V4/M87_calibrated_b3.uvf+EVPA_rotation+netcal_10savg+flag.uvfits&quot;) Now we do some minor preprocessing:</p><ul><li><p>Scan average the data since the data have been preprocessed so that the gain phases coherent.</p></li><li><p>Add 1% systematic noise to deal with calibration issues that cause 1% non-closing errors.</p></li></ul><div class="language-julia vp-adaptive-theme"><button title="Copy Code" class="copy"></button><span class="lang">julia</span><pre class="shiki shiki-themes github-light github-dark vp-code" tabindex="0"><code><span class="line"><span style="--shiki-light:#24292E;--shiki-dark:#E1E4E8;">obs </span><span style="--shiki-light:#D73A49;--shiki-dark:#F97583;">=</span><span style="--shiki-light:#005CC5;--shiki-dark:#79B8FF;"> scan_average</span><span style="--shiki-light:#24292E;--shiki-dark:#E1E4E8;">(obs)</span><span style="--shiki-light:#D73A49;--shiki-dark:#F97583;">.</span><span style="--shiki-light:#005CC5;--shiki-dark:#79B8FF;">add_fractional_noise</span><span style="--shiki-light:#24292E;--shiki-dark:#E1E4E8;">(</span><span style="--shiki-light:#005CC5;--shiki-dark:#79B8FF;">0.02</span><span style="--shiki-light:#24292E;--shiki-dark:#E1E4E8;">)</span></span></code></pre></div><div class="language- vp-adaptive-theme"><button title="Copy Code" class="copy"></button><span class="lang"></span><pre class="shiki shiki-themes github-light github-dark vp-code" tabindex="0"><code><span class="line"><span>Python: &lt;ehtim.obsdata.Obsdata object at 0x7fa489d33640&gt;</span></span></code></pre></div><p>Now we extract our complex visibilities.</p><div class="language-julia vp-adaptive-theme"><button title="Copy Code" class="copy"></button><span class="lang">julia</span><pre class="shiki shiki-themes github-light github-dark vp-code" tabindex="0"><code><span class="line"><span style="--shiki-light:#24292E;--shiki-dark:#E1E4E8;">dvis </span><span style="--shiki-light:#D73A49;--shiki-dark:#F97583;">=</span><span style="--shiki-light:#005CC5;--shiki-dark:#79B8FF;"> extract_table</span><span style="--shiki-light:#24292E;--shiki-dark:#E1E4E8;">(obs, </span><span style="--shiki-light:#005CC5;--shiki-dark:#79B8FF;">Visibilities</span><span style="--shiki-light:#24292E;--shiki-dark:#E1E4E8;">())</span></span></code></pre></div><div class="language- vp-adaptive-theme"><button title="Copy Code" class="copy"></button><span class="lang"></span><pre class="shiki shiki-themes github-light github-dark vp-code" tabindex="0"><code><span class="line"><span>EHTObservationTable{Comrade.EHTVisibilityDatum{:I}}</span></span>
<span class="line"><span>  source:      M87</span></span>
<span class="line"><span>  mjd:         57849</span></span>
<span class="line"><span>  bandwidth:   1.856e9</span></span>
<span class="line"><span>  sites:       [:AA, :AP, :AZ, :JC, :LM, :PV, :SM]</span></span>
<span class="line"><span>  nsamples:    274</span></span></code></pre></div><p>##Building the Model/Posterior</p><p>Now, we must build our intensity/visibility model. That is, the model that takes in a named tuple of parameters and perhaps some metadata required to construct the model. For our model, we will use a raster or <code>ContinuousImage</code> for our image model. The model is given below:</p><p>The model construction is very similar to <a href="/Comrade.jl/previews/PR411/tutorials/intermediate/ClosureImaging#Imaging-a-Black-Hole-using-only-Closure-Quantities">Imaging a Black Hole using only Closure Quantities</a>, except we include a large scale gaussian since we want to model the zero baselines. For more information about the image model please read the closure-only example.</p><div class="language-julia vp-adaptive-theme"><button title="Copy Code" class="copy"></button><span class="lang">julia</span><pre class="shiki shiki-themes github-light github-dark vp-code" tabindex="0"><code><span class="line"><span style="--shiki-light:#D73A49;--shiki-dark:#F97583;">function</span><span style="--shiki-light:#6F42C1;--shiki-dark:#B392F0;"> sky</span><span style="--shiki-light:#24292E;--shiki-dark:#E1E4E8;">(θ, metadata)</span></span>
<span class="line"><span style="--shiki-light:#24292E;--shiki-dark:#E1E4E8;">    (; fg, c, σimg) </span><span style="--shiki-light:#D73A49;--shiki-dark:#F97583;">=</span><span style="--shiki-light:#24292E;--shiki-dark:#E1E4E8;"> θ</span></span>
<span class="line"><span style="--shiki-light:#24292E;--shiki-dark:#E1E4E8;">    (; ftot, mimg) </span><span style="--shiki-light:#D73A49;--shiki-dark:#F97583;">=</span><span style="--shiki-light:#24292E;--shiki-dark:#E1E4E8;"> metadata</span></span>
<span class="line"><span style="--shiki-light:#6A737D;--shiki-dark:#6A737D;">    # Apply the GMRF fluctuations to the image</span></span>
<span class="line"><span style="--shiki-light:#24292E;--shiki-dark:#E1E4E8;">    rast </span><span style="--shiki-light:#D73A49;--shiki-dark:#F97583;">=</span><span style="--shiki-light:#005CC5;--shiki-dark:#79B8FF;"> apply_fluctuations</span><span style="--shiki-light:#24292E;--shiki-dark:#E1E4E8;">(</span><span style="--shiki-light:#005CC5;--shiki-dark:#79B8FF;">CenteredLR</span><span style="--shiki-light:#24292E;--shiki-dark:#E1E4E8;">(), mimg, σimg </span><span style="--shiki-light:#D73A49;--shiki-dark:#F97583;">.*</span><span style="--shiki-light:#24292E;--shiki-dark:#E1E4E8;"> c</span><span style="--shiki-light:#D73A49;--shiki-dark:#F97583;">.</span><span style="--shiki-light:#24292E;--shiki-dark:#E1E4E8;">params)</span></span>
<span class="line"><span style="--shiki-light:#24292E;--shiki-dark:#E1E4E8;">    pimg </span><span style="--shiki-light:#D73A49;--shiki-dark:#F97583;">=</span><span style="--shiki-light:#005CC5;--shiki-dark:#79B8FF;"> parent</span><span style="--shiki-light:#24292E;--shiki-dark:#E1E4E8;">(rast)</span></span>
<span class="line"><span style="--shiki-light:#005CC5;--shiki-dark:#79B8FF;">    @.</span><span style="--shiki-light:#24292E;--shiki-dark:#E1E4E8;"> pimg </span><span style="--shiki-light:#D73A49;--shiki-dark:#F97583;">=</span><span style="--shiki-light:#24292E;--shiki-dark:#E1E4E8;"> (ftot </span><span style="--shiki-light:#D73A49;--shiki-dark:#F97583;">*</span><span style="--shiki-light:#24292E;--shiki-dark:#E1E4E8;"> (</span><span style="--shiki-light:#005CC5;--shiki-dark:#79B8FF;">1</span><span style="--shiki-light:#D73A49;--shiki-dark:#F97583;"> -</span><span style="--shiki-light:#24292E;--shiki-dark:#E1E4E8;"> fg)) </span><span style="--shiki-light:#D73A49;--shiki-dark:#F97583;">*</span><span style="--shiki-light:#24292E;--shiki-dark:#E1E4E8;"> pimg</span></span>
<span class="line"><span style="--shiki-light:#24292E;--shiki-dark:#E1E4E8;">    m </span><span style="--shiki-light:#D73A49;--shiki-dark:#F97583;">=</span><span style="--shiki-light:#005CC5;--shiki-dark:#79B8FF;"> ContinuousImage</span><span style="--shiki-light:#24292E;--shiki-dark:#E1E4E8;">(rast, </span><span style="--shiki-light:#005CC5;--shiki-dark:#79B8FF;">BSplinePulse{3}</span><span style="--shiki-light:#24292E;--shiki-dark:#E1E4E8;">())</span></span>
<span class="line"><span style="--shiki-light:#24292E;--shiki-dark:#E1E4E8;">    x0, y0 </span><span style="--shiki-light:#D73A49;--shiki-dark:#F97583;">=</span><span style="--shiki-light:#005CC5;--shiki-dark:#79B8FF;"> centroid</span><span style="--shiki-light:#24292E;--shiki-dark:#E1E4E8;">(m)</span></span>
<span class="line"><span style="--shiki-light:#6A737D;--shiki-dark:#6A737D;">    # Add a large-scale gaussian to deal with the over-resolved mas flux</span></span>
<span class="line"><span style="--shiki-light:#24292E;--shiki-dark:#E1E4E8;">    g </span><span style="--shiki-light:#D73A49;--shiki-dark:#F97583;">=</span><span style="--shiki-light:#005CC5;--shiki-dark:#79B8FF;"> modify</span><span style="--shiki-light:#24292E;--shiki-dark:#E1E4E8;">(</span><span style="--shiki-light:#005CC5;--shiki-dark:#79B8FF;">Gaussian</span><span style="--shiki-light:#24292E;--shiki-dark:#E1E4E8;">(), </span><span style="--shiki-light:#005CC5;--shiki-dark:#79B8FF;">Stretch</span><span style="--shiki-light:#24292E;--shiki-dark:#E1E4E8;">(</span><span style="--shiki-light:#005CC5;--shiki-dark:#79B8FF;">μas2rad</span><span style="--shiki-light:#24292E;--shiki-dark:#E1E4E8;">(</span><span style="--shiki-light:#005CC5;--shiki-dark:#79B8FF;">500.0</span><span style="--shiki-light:#24292E;--shiki-dark:#E1E4E8;">), </span><span style="--shiki-light:#005CC5;--shiki-dark:#79B8FF;">μas2rad</span><span style="--shiki-light:#24292E;--shiki-dark:#E1E4E8;">(</span><span style="--shiki-light:#005CC5;--shiki-dark:#79B8FF;">500.0</span><span style="--shiki-light:#24292E;--shiki-dark:#E1E4E8;">)), </span><span style="--shiki-light:#005CC5;--shiki-dark:#79B8FF;">Renormalize</span><span style="--shiki-light:#24292E;--shiki-dark:#E1E4E8;">(ftot </span><span style="--shiki-light:#D73A49;--shiki-dark:#F97583;">*</span><span style="--shiki-light:#24292E;--shiki-dark:#E1E4E8;"> fg))</span></span>
<span class="line"><span style="--shiki-light:#D73A49;--shiki-dark:#F97583;">    return</span><span style="--shiki-light:#005CC5;--shiki-dark:#79B8FF;"> shifted</span><span style="--shiki-light:#24292E;--shiki-dark:#E1E4E8;">(m, </span><span style="--shiki-light:#D73A49;--shiki-dark:#F97583;">-</span><span style="--shiki-light:#24292E;--shiki-dark:#E1E4E8;">x0, </span><span style="--shiki-light:#D73A49;--shiki-dark:#F97583;">-</span><span style="--shiki-light:#24292E;--shiki-dark:#E1E4E8;">y0) </span><span style="--shiki-light:#D73A49;--shiki-dark:#F97583;">+</span><span style="--shiki-light:#24292E;--shiki-dark:#E1E4E8;"> g</span></span>
<span class="line"><span style="--shiki-light:#D73A49;--shiki-dark:#F97583;">end</span></span></code></pre></div><div class="language- vp-adaptive-theme"><button title="Copy Code" class="copy"></button><span class="lang"></span><pre class="shiki shiki-themes github-light github-dark vp-code" tabindex="0"><code><span class="line"><span>sky (generic function with 1 method)</span></span></code></pre></div><p>Now, let&#39;s set up our image model. The EHT&#39;s nominal resolution is 20-25 μas. Additionally, the EHT is not very sensitive to a larger field of view. Typically 60-80 μas is enough to describe the compact flux of M87. Given this, we only need to use a small number of pixels to describe our image.</p><div class="language-julia vp-adaptive-theme"><button title="Copy Code" class="copy"></button><span class="lang">julia</span><pre class="shiki shiki-themes github-light github-dark vp-code" tabindex="0"><code><span class="line"><span style="--shiki-light:#24292E;--shiki-dark:#E1E4E8;">npix </span><span style="--shiki-light:#D73A49;--shiki-dark:#F97583;">=</span><span style="--shiki-light:#005CC5;--shiki-dark:#79B8FF;"> 32</span></span>
<span class="line"><span style="--shiki-light:#24292E;--shiki-dark:#E1E4E8;">fovx </span><span style="--shiki-light:#D73A49;--shiki-dark:#F97583;">=</span><span style="--shiki-light:#005CC5;--shiki-dark:#79B8FF;"> μas2rad</span><span style="--shiki-light:#24292E;--shiki-dark:#E1E4E8;">(</span><span style="--shiki-light:#005CC5;--shiki-dark:#79B8FF;">200.0</span><span style="--shiki-light:#24292E;--shiki-dark:#E1E4E8;">)</span></span>
<span class="line"><span style="--shiki-light:#24292E;--shiki-dark:#E1E4E8;">fovy </span><span style="--shiki-light:#D73A49;--shiki-dark:#F97583;">=</span><span style="--shiki-light:#005CC5;--shiki-dark:#79B8FF;"> μas2rad</span><span style="--shiki-light:#24292E;--shiki-dark:#E1E4E8;">(</span><span style="--shiki-light:#005CC5;--shiki-dark:#79B8FF;">200.0</span><span style="--shiki-light:#24292E;--shiki-dark:#E1E4E8;">)</span></span></code></pre></div><div class="language- vp-adaptive-theme"><button title="Copy Code" class="copy"></button><span class="lang"></span><pre class="shiki shiki-themes github-light github-dark vp-code" tabindex="0"><code><span class="line"><span>9.69627362219072e-10</span></span></code></pre></div><p>Now let&#39;s form our cache&#39;s. First, we have our usual image cache which is needed to numerically compute the visibilities.</p><div class="language-julia vp-adaptive-theme"><button title="Copy Code" class="copy"></button><span class="lang">julia</span><pre class="shiki shiki-themes github-light github-dark vp-code" tabindex="0"><code><span class="line"><span style="--shiki-light:#24292E;--shiki-dark:#E1E4E8;">grid </span><span style="--shiki-light:#D73A49;--shiki-dark:#F97583;">=</span><span style="--shiki-light:#005CC5;--shiki-dark:#79B8FF;"> imagepixels</span><span style="--shiki-light:#24292E;--shiki-dark:#E1E4E8;">(fovx, fovy, npix, npix)</span></span></code></pre></div><div class="language- vp-adaptive-theme"><button title="Copy Code" class="copy"></button><span class="lang"></span><pre class="shiki shiki-themes github-light github-dark vp-code" tabindex="0"><code><span class="line"><span>RectiGrid(</span></span>
<span class="line"><span>executor: ComradeBase.Serial()</span></span>
<span class="line"><span>Dimensions: </span></span>
<span class="line"><span>(↓ X Sampled{Float64} LinRange{Float64}(-4.69663253574863e-10, 4.69663253574863e-10, 32) ForwardOrdered Regular Points,</span></span>
<span class="line"><span>→ Y Sampled{Float64} LinRange{Float64}(-4.69663253574863e-10, 4.69663253574863e-10, 32) ForwardOrdered Regular Points)</span></span>
<span class="line"><span>)</span></span></code></pre></div><p>Now we need to specify our image prior. For this work we will use a Gaussian Markov Random field prior Since we are using a Gaussian Markov random field prior we need to first specify our <code>mean</code> image. This behaves somewhat similary to a entropy regularizer in that it will start with an initial guess for the image structure. For this tutorial we will use a a symmetric Gaussian with a FWHM of 50 μas</p><div class="language-julia vp-adaptive-theme"><button title="Copy Code" class="copy"></button><span class="lang">julia</span><pre class="shiki shiki-themes github-light github-dark vp-code" tabindex="0"><code><span class="line"><span style="--shiki-light:#D73A49;--shiki-dark:#F97583;">using</span><span style="--shiki-light:#24292E;--shiki-dark:#E1E4E8;"> VLBIImagePriors</span></span>
<span class="line"><span style="--shiki-light:#D73A49;--shiki-dark:#F97583;">using</span><span style="--shiki-light:#24292E;--shiki-dark:#E1E4E8;"> Distributions</span></span>
<span class="line"><span style="--shiki-light:#24292E;--shiki-dark:#E1E4E8;">fwhmfac </span><span style="--shiki-light:#D73A49;--shiki-dark:#F97583;">=</span><span style="--shiki-light:#005CC5;--shiki-dark:#79B8FF;"> 2</span><span style="--shiki-light:#D73A49;--shiki-dark:#F97583;"> *</span><span style="--shiki-light:#005CC5;--shiki-dark:#79B8FF;"> sqrt</span><span style="--shiki-light:#24292E;--shiki-dark:#E1E4E8;">(</span><span style="--shiki-light:#005CC5;--shiki-dark:#79B8FF;">2</span><span style="--shiki-light:#D73A49;--shiki-dark:#F97583;"> *</span><span style="--shiki-light:#005CC5;--shiki-dark:#79B8FF;"> log</span><span style="--shiki-light:#24292E;--shiki-dark:#E1E4E8;">(</span><span style="--shiki-light:#005CC5;--shiki-dark:#79B8FF;">2</span><span style="--shiki-light:#24292E;--shiki-dark:#E1E4E8;">))</span></span>
<span class="line"><span style="--shiki-light:#24292E;--shiki-dark:#E1E4E8;">mpr </span><span style="--shiki-light:#D73A49;--shiki-dark:#F97583;">=</span><span style="--shiki-light:#005CC5;--shiki-dark:#79B8FF;"> modify</span><span style="--shiki-light:#24292E;--shiki-dark:#E1E4E8;">(</span><span style="--shiki-light:#005CC5;--shiki-dark:#79B8FF;">Gaussian</span><span style="--shiki-light:#24292E;--shiki-dark:#E1E4E8;">(), </span><span style="--shiki-light:#005CC5;--shiki-dark:#79B8FF;">Stretch</span><span style="--shiki-light:#24292E;--shiki-dark:#E1E4E8;">(</span><span style="--shiki-light:#005CC5;--shiki-dark:#79B8FF;">μas2rad</span><span style="--shiki-light:#24292E;--shiki-dark:#E1E4E8;">(</span><span style="--shiki-light:#005CC5;--shiki-dark:#79B8FF;">50.0</span><span style="--shiki-light:#24292E;--shiki-dark:#E1E4E8;">) </span><span style="--shiki-light:#D73A49;--shiki-dark:#F97583;">./</span><span style="--shiki-light:#24292E;--shiki-dark:#E1E4E8;"> fwhmfac))</span></span>
<span class="line"><span style="--shiki-light:#24292E;--shiki-dark:#E1E4E8;">mimg </span><span style="--shiki-light:#D73A49;--shiki-dark:#F97583;">=</span><span style="--shiki-light:#005CC5;--shiki-dark:#79B8FF;"> intensitymap</span><span style="--shiki-light:#24292E;--shiki-dark:#E1E4E8;">(mpr, grid)</span></span></code></pre></div><div class="language- vp-adaptive-theme"><button title="Copy Code" class="copy"></button><span class="lang"></span><pre class="shiki shiki-themes github-light github-dark vp-code" tabindex="0"><code><span class="line"><span>┌ 32×32 IntensityMap{Float64, 2} ┐</span></span>
<span class="line"><span>├────────────────────────────────┴─────────────────────────────────────── dims ┐</span></span>
<span class="line"><span>  ↓ X Sampled{Float64} LinRange{Float64}(-4.69663253574863e-10, 4.69663253574863e-10, 32) ForwardOrdered Regular Points,</span></span>
<span class="line"><span>  → Y Sampled{Float64} LinRange{Float64}(-4.69663253574863e-10, 4.69663253574863e-10, 32) ForwardOrdered Regular Points</span></span>
<span class="line"><span>└──────────────────────────────────────────────────────────────────────────────┘</span></span>
<span class="line"><span>  ↓ →          -4.69663e-10  -4.39362e-10  -4.09062e-10  -3.78761e-10  -3.4846e-10  -3.18159e-10  -2.87858e-10  -2.57557e-10  -2.27256e-10  -1.96956e-10  -1.66655e-10  -1.36354e-10  -1.06053e-10  -7.57521e-11  -4.54513e-11  -1.51504e-11  1.51504e-11  4.54513e-11  7.57521e-11  1.06053e-10  1.36354e-10  1.66655e-10  1.96956e-10  2.27256e-10  2.57557e-10  2.87858e-10  3.18159e-10  3.4846e-10  3.78761e-10  4.09062e-10  4.39362e-10  4.69663e-10</span></span>
<span class="line"><span> -4.69663e-10   1.25675e-11   4.60978e-11   1.55054e-10   4.78251e-10   1.3527e-9    3.50847e-9    8.34459e-9    1.81997e-8    3.63993e-8    6.67567e-8    1.12271e-7    1.73145e-7    2.44865e-7    3.1755e-7     3.77633e-7    4.11812e-7   4.11812e-7   3.77633e-7   3.1755e-7    2.44865e-7   1.73145e-7   1.12271e-7   6.67567e-8   3.63993e-8   1.81997e-8   8.34459e-9   3.50847e-9   1.3527e-9   4.78251e-10  1.55054e-10  4.60978e-11  1.25675e-11</span></span>
<span class="line"><span> -4.39362e-10   4.60978e-11   1.69087e-10   5.6874e-10    1.75423e-9    4.96172e-9   1.28691e-8    3.06081e-8    6.67567e-8    1.33513e-7    2.44865e-7    4.11812e-7    6.351e-7      8.98167e-7    1.16478e-6    1.38516e-6    1.51053e-6   1.51053e-6   1.38516e-6   1.16478e-6   8.98167e-7   6.351e-7     4.11812e-7   2.44865e-7   1.33513e-7   6.67567e-8   3.06081e-8   1.28691e-8   4.96172e-9  1.75423e-9   5.6874e-10   1.69087e-10  4.60978e-11</span></span>
<span class="line"><span> -4.09062e-10   1.55054e-10   5.6874e-10    1.913e-9      5.90051e-9    1.66892e-8   4.32864e-8    1.02953e-7    2.24542e-7    4.49084e-7    8.23623e-7    1.38516e-6    2.13621e-6    3.02106e-6    3.91783e-6    4.65912e-6    5.0808e-6    5.0808e-6    4.65912e-6   3.91783e-6   3.02106e-6   2.13621e-6   1.38516e-6   8.23623e-7   4.49084e-7   2.24542e-7   1.02953e-7   4.32864e-8   1.66892e-8  5.90051e-9   1.913e-9     5.6874e-10   1.55054e-10</span></span>
<span class="line"><span> -3.78761e-10   4.78251e-10   1.75423e-9    5.90051e-9    1.81997e-8    5.14764e-8   1.33513e-7    3.1755e-7     6.92582e-7    1.38516e-6    2.5404e-6     4.27243e-6    6.58898e-6    9.31823e-6    1.20843e-5    1.43707e-5    1.56713e-5   1.56713e-5   1.43707e-5   1.20843e-5   9.31823e-6   6.58898e-6   4.27243e-6   2.5404e-6    1.38516e-6   6.92582e-7   3.1755e-7    1.33513e-7   5.14764e-8  1.81997e-8   5.90051e-9   1.75423e-9   4.78251e-10</span></span>
<span class="line"><span> -3.4846e-10    1.3527e-9     4.96172e-9    1.66892e-8    5.14764e-8    1.45597e-7   3.77633e-7    8.98167e-7    1.95892e-6    3.91783e-6    7.18534e-6    1.20843e-5    1.86365e-5    2.63559e-5    3.41794e-5    4.06464e-5    4.43252e-5   4.43252e-5   4.06464e-5   3.41794e-5   2.63559e-5   1.86365e-5   1.20843e-5   7.18534e-6   3.91783e-6   1.95892e-6   8.98167e-7   3.77633e-7   1.45597e-7  5.14764e-8   1.66892e-8   4.96172e-9   1.3527e-9</span></span>
<span class="line"><span> -3.18159e-10   3.50847e-9    1.28691e-8    4.32864e-8    1.33513e-7    3.77633e-7   9.79458e-7    2.32956e-6    5.0808e-6     1.01616e-5    1.86365e-5    3.13427e-5    4.8337e-5     6.83588e-5    8.86505e-5    0.000105424   0.000114965  0.000114965  0.000105424  8.86505e-5   6.83588e-5   4.8337e-5    3.13427e-5   1.86365e-5   1.01616e-5   5.0808e-6    2.32956e-6   9.79458e-7   3.77633e-7  1.33513e-7   4.32864e-8   1.28691e-8   3.50847e-9</span></span>
<span class="line"><span> -2.87858e-10   8.34459e-9    3.06081e-8    1.02953e-7    3.1755e-7     8.98167e-7   2.32956e-6    5.54065e-6    1.20843e-5    2.41685e-5    4.43252e-5    7.45458e-5    0.000114965   0.000162586   0.000210847   0.000250741   0.000273435  0.000273435  0.000250741  0.000210847  0.000162586  0.000114965  7.45458e-5   4.43252e-5   2.41685e-5   1.20843e-5   5.54065e-6   2.32956e-6   8.98167e-7  3.1755e-7    1.02953e-7   3.06081e-8   8.34459e-9</span></span>
<span class="line"><span> -2.57557e-10   1.81997e-8    6.67567e-8    2.24542e-7    6.92582e-7    1.95892e-6   5.0808e-6     1.20843e-5    2.63559e-5    5.27119e-5    9.6674e-5     0.000162586   0.000250741   0.000354602   0.000459862   0.000546871   0.000596367  0.000596367  0.000546871  0.000459862  0.000354602  0.000250741  0.000162586  9.6674e-5    5.27119e-5   2.63559e-5   1.20843e-5   5.0808e-6    1.95892e-6  6.92582e-7   2.24542e-7   6.67567e-8   1.81997e-8</span></span>
<span class="line"><span> -2.27256e-10   3.63993e-8    1.33513e-7    4.49084e-7    1.38516e-6    3.91783e-6   1.01616e-5    2.41685e-5    5.27119e-5    0.000105424   0.000193348   0.000325171   0.000501483   0.000709204   0.000919723   0.00109374    0.00119273   0.00119273   0.00109374   0.000919723  0.000709204  0.000501483  0.000325171  0.000193348  0.000105424  5.27119e-5   2.41685e-5   1.01616e-5   3.91783e-6  1.38516e-6   4.49084e-7   1.33513e-7   3.63993e-8</span></span>
<span class="line"><span> -1.96956e-10   6.67567e-8    2.44865e-7    8.23623e-7    2.5404e-6     7.18534e-6   1.86365e-5    4.43252e-5    9.6674e-5     0.000193348   0.000354602   0.000596367   0.000919723   0.00130069    0.00168678    0.00200593    0.00218748   0.00218748   0.00200593   0.00168678   0.00130069   0.000919723  0.000596367  0.000354602  0.000193348  9.6674e-5    4.43252e-5   1.86365e-5   7.18534e-6  2.5404e-6    8.23623e-7   2.44865e-7   6.67567e-8</span></span>
<span class="line"><span> -1.66655e-10   1.12271e-7    4.11812e-7    1.38516e-6    4.27243e-6    1.20843e-5   3.13427e-5    7.45458e-5    0.000162586   0.000325171   0.000596367   0.00100297    0.00154678    0.00218748    0.00283681    0.00337356    0.00367889   0.00367889   0.00337356   0.00283681   0.00218748   0.00154678   0.00100297   0.000596367  0.000325171  0.000162586  7.45458e-5   3.13427e-5   1.20843e-5  4.27243e-6   1.38516e-6   4.11812e-7   1.12271e-7</span></span>
<span class="line"><span> -1.36354e-10   1.73145e-7    6.351e-7      2.13621e-6    6.58898e-6    1.86365e-5   4.8337e-5     0.000114965   0.000250741   0.000501483   0.000919723   0.00154678    0.00238547    0.00337356    0.00437497    0.00520274    0.00567363   0.00567363   0.00520274   0.00437497   0.00337356   0.00238547   0.00154678   0.000919723  0.000501483  0.000250741  0.000114965  4.8337e-5    1.86365e-5  6.58898e-6   2.13621e-6   6.351e-7     1.73145e-7</span></span>
<span class="line"><span> -1.06053e-10   2.44865e-7    8.98167e-7    3.02106e-6    9.31823e-6    2.63559e-5   6.83588e-5    0.000162586   0.000354602   0.000709204   0.00130069    0.00218748    0.00337356    0.00477093    0.00618714    0.00735779    0.00802372   0.00802372   0.00735779   0.00618714   0.00477093   0.00337356   0.00218748   0.00130069   0.000709204  0.000354602  0.000162586  6.83588e-5   2.63559e-5  9.31823e-6   3.02106e-6   8.98167e-7   2.44865e-7</span></span>
<span class="line"><span> -7.57521e-11   3.1755e-7     1.16478e-6    3.91783e-6    1.20843e-5    3.41794e-5   8.86505e-5    0.000210847   0.000459862   0.000919723   0.00168678    0.00283681    0.00437497    0.00618714    0.00802372    0.00954187    0.0104055    0.0104055    0.00954187   0.00802372   0.00618714   0.00437497   0.00283681   0.00168678   0.000919723  0.000459862  0.000210847  8.86505e-5   3.41794e-5  1.20843e-5   3.91783e-6   1.16478e-6   3.1755e-7</span></span>
<span class="line"><span> -4.54513e-11   3.77633e-7    1.38516e-6    4.65912e-6    1.43707e-5    4.06464e-5   0.000105424   0.000250741   0.000546871   0.00109374    0.00200593    0.00337356    0.00520274    0.00735779    0.00954187    0.0113473     0.0123743    0.0123743    0.0113473    0.00954187   0.00735779   0.00520274   0.00337356   0.00200593   0.00109374   0.000546871  0.000250741  0.000105424  4.06464e-5  1.43707e-5   4.65912e-6   1.38516e-6   3.77633e-7</span></span>
<span class="line"><span> -1.51504e-11   4.11812e-7    1.51053e-6    5.0808e-6     1.56713e-5    4.43252e-5   0.000114965   0.000273435   0.000596367   0.00119273    0.00218748    0.00367889    0.00567363    0.00802372    0.0104055     0.0123743     0.0134942    0.0134942    0.0123743    0.0104055    0.00802372   0.00567363   0.00367889   0.00218748   0.00119273   0.000596367  0.000273435  0.000114965  4.43252e-5  1.56713e-5   5.0808e-6    1.51053e-6   4.11812e-7</span></span>
<span class="line"><span>  1.51504e-11   4.11812e-7    1.51053e-6    5.0808e-6     1.56713e-5    4.43252e-5   0.000114965   0.000273435   0.000596367   0.00119273    0.00218748    0.00367889    0.00567363    0.00802372    0.0104055     0.0123743     0.0134942    0.0134942    0.0123743    0.0104055    0.00802372   0.00567363   0.00367889   0.00218748   0.00119273   0.000596367  0.000273435  0.000114965  4.43252e-5  1.56713e-5   5.0808e-6    1.51053e-6   4.11812e-7</span></span>
<span class="line"><span>  4.54513e-11   3.77633e-7    1.38516e-6    4.65912e-6    1.43707e-5    4.06464e-5   0.000105424   0.000250741   0.000546871   0.00109374    0.00200593    0.00337356    0.00520274    0.00735779    0.00954187    0.0113473     0.0123743    0.0123743    0.0113473    0.00954187   0.00735779   0.00520274   0.00337356   0.00200593   0.00109374   0.000546871  0.000250741  0.000105424  4.06464e-5  1.43707e-5   4.65912e-6   1.38516e-6   3.77633e-7</span></span>
<span class="line"><span>  7.57521e-11   3.1755e-7     1.16478e-6    3.91783e-6    1.20843e-5    3.41794e-5   8.86505e-5    0.000210847   0.000459862   0.000919723   0.00168678    0.00283681    0.00437497    0.00618714    0.00802372    0.00954187    0.0104055    0.0104055    0.00954187   0.00802372   0.00618714   0.00437497   0.00283681   0.00168678   0.000919723  0.000459862  0.000210847  8.86505e-5   3.41794e-5  1.20843e-5   3.91783e-6   1.16478e-6   3.1755e-7</span></span>
<span class="line"><span>  1.06053e-10   2.44865e-7    8.98167e-7    3.02106e-6    9.31823e-6    2.63559e-5   6.83588e-5    0.000162586   0.000354602   0.000709204   0.00130069    0.00218748    0.00337356    0.00477093    0.00618714    0.00735779    0.00802372   0.00802372   0.00735779   0.00618714   0.00477093   0.00337356   0.00218748   0.00130069   0.000709204  0.000354602  0.000162586  6.83588e-5   2.63559e-5  9.31823e-6   3.02106e-6   8.98167e-7   2.44865e-7</span></span>
<span class="line"><span>  1.36354e-10   1.73145e-7    6.351e-7      2.13621e-6    6.58898e-6    1.86365e-5   4.8337e-5     0.000114965   0.000250741   0.000501483   0.000919723   0.00154678    0.00238547    0.00337356    0.00437497    0.00520274    0.00567363   0.00567363   0.00520274   0.00437497   0.00337356   0.00238547   0.00154678   0.000919723  0.000501483  0.000250741  0.000114965  4.8337e-5    1.86365e-5  6.58898e-6   2.13621e-6   6.351e-7     1.73145e-7</span></span>
<span class="line"><span>  1.66655e-10   1.12271e-7    4.11812e-7    1.38516e-6    4.27243e-6    1.20843e-5   3.13427e-5    7.45458e-5    0.000162586   0.000325171   0.000596367   0.00100297    0.00154678    0.00218748    0.00283681    0.00337356    0.00367889   0.00367889   0.00337356   0.00283681   0.00218748   0.00154678   0.00100297   0.000596367  0.000325171  0.000162586  7.45458e-5   3.13427e-5   1.20843e-5  4.27243e-6   1.38516e-6   4.11812e-7   1.12271e-7</span></span>
